
strategic_region={
	id=102
	name="STRATEGICREGION_102"
	provinces={
		49 82 122 207 302 360 433 475 809 821 831 878 882 919 949 950 1022 1159 1163 1191 1251 1272 1309 1342 1363 1445 1455 1670 1710 1744 1866 1882 1885 2002 2046 2059 2064 2084 2097 2188 2200 2226 2248 2482 2498 2938 3051 3088 3193 3375 3402 3404 3421 3439 3466 3481 3638 3640 3644 3680 3702 3720 3741 3810 4013 4023 4296 4526 4561 4636 4731 4739 4945 5229 5453 5460 5461 5475 5478 5494 5509 5537 5540 5551 5554 5556 5558 5561 5565 5579 5583 5599 5605 5618 5636 5645 5657 5679 5693 9903 
	}
	weather={
	}
}
