
strategic_region={
	id=130
	name="STRATEGICREGION_130"
	provinces={
		21 48 88 118 200 249 289 431 526 743 780 813 817 845 855 865 890 999 1122 1158 1165 1227 1235 1294 1301 1365 1508 1625 1795 1839 1939 1950 1999 2022 2055 2113 2134 2167 2313 2368 2380 2411 2468 2532 2562 2631 2681 2736 2776 2801 2856 2922 2974 3075 3110 3120 3149 3331 3332 3352 3353 3455 3461 3709 3816 3826 3892 3943 3971 4079 4281 4408 4530 4741 4744 4753 4790 4847 4994 5042 8606 8669 8673 8674 8689 8731 8733 8747 8750 8755 8763 8766 8772 8773 8774 8775 8776 8777 8782 8792 8794 8796 8797 8798 8801 8805 8806 8808 8811 8815 8818 8822 8825 8827 8830 8831 8834 8835 8839 8840 8842 8856 8857 8860 8908 9967 
	}
	weather={
	}
}
