strategic_region={
	id=168
	name="STRATEGICREGION_168"
	provinces={
		181 183 312 406 414 738 749 974 1081 1155 1407 1433 1460 1779 2089 2182 2235 2245 2696 2708 3123 3171 3240 3287 3456 3485 3543 3559 3713 3944 4205 4252 4344 4397 4689 4732 4773 4944 4996 5059 5107 5132 5163 7019 7061 7070 7086 7092 7113 7114 7115 7141 7151 7171 7186 7198 7199 7234 7242 7243 7258 7259 7272 7276 7282 7284 7291 7300 8895 
		106 292 369 512 537 552 772 797 1319 1485 1504 1698 1822 2495 2496 2963 3430 3575 3997 4121 4280 4288 4300 4439 4556 4670 4786 5179 5273 6550 6617 6646 6682 6712 6764 6765 6771 6795 6800 6811 6818 6826 6843 6852 6864 6873 6883 6890 6895 6914 6934 6986 7037 
	}
	weather={
	}
}
