
strategic_region={
	id=67
	name="STRATEGICREGION_67"
	provinces={
		172 285 386 507 652 725 754 765 808 873 1034 1053 1088 1259 1273 1308 1484 1574 1589 1615 1750 1868 1919 2032 2320 2400 2442 2454 2723 2756 2769 3040 3066 3239 3257 3319 3363 3368 3446 3753 3793 3879 3936 4020 4039 4064 4129 4175 4186 4217 4276 4339 4346 4829 5102 5144 5204 5218 5241 5272 6252 6256 6277 6289 6294 6301 6317 6331 6338 6362 6368 6382 6385 6386 6390 6397 6402 6403 6405 6408 6411 6416 6419 6425 6427 6428 6432 6435 6437 6438 6444 6451 6457 6458 6463 6465 6468 6471 6480 6481 6482 6487 6488 6492 6497 6498 6504 6511 6515 6516 6522 6523 6526 6531 6541 6542 6547 6554 6555 6558 6569 6570 6571 6572 6578 6582 6584 6585 6595 6597 6601 6608 6609 6610 6620 6621 6636 6637 6644 6648 6653 6672 6685 6687 6700 6704 6711 6719 6720 6721 6729 6739 6744 6760 6767 6769 6777 6798 6808 9958 
	}
	weather={
	}
}
