
strategic_region={
	id=68
	name="STRATEGICREGION_68"
	provinces={
		101 114 125 155 170 233 241 349 593 639 844 1023 1183 1570 1582 1631 1845 1896 1904 1906 2030 2434 2522 2539 2654 2810 2824 2921 2996 3138 3190 3195 3199 3296 3361 3752 3762 3765 3806 3950 3978 4018 4132 4170 4185 4254 4265 4320 4328 4348 4383 4396 4468 4508 4511 4551 4631 4637 4646 4676 4685 4761 4843 4887 4950 4980 5106 5193 5266 5280 6464 6467 6486 6514 6535 6543 6565 6568 6593 6594 6603 6607 6619 6631 6632 6642 6643 6652 6657 6658 6676 6680 6684 6695 6708 6709 6710 6715 6716 6718 6730 6732 6733 6734 6738 6747 6749 6754 6755 6756 6757 6758 6772 6774 6775 6776 6778 6779 6780 6788 6791 6793 6794 6796 6797 6802 6803 6805 6806 6809 6810 6812 6813 6819 6820 6823 6824 6831 6832 6833 6834 6835 6836 6845 6850 6854 6858 6861 6862 6867 6870 6885 6886 6887 6893 6897 6898 6904 6905 6909 6912 6921 6928 6932 6933 
	}
	weather={
	}
}
