
strategic_region={
	id=70
	name="STRATEGICREGION_70"
	provinces={
		306 421 436 590 709 783 784 916 1006 1102 1276 1644 1733 1814 1826 1925 2213 2256 2427 2453 2455 2535 2567 2612 2724 2799 2808 2927 3095 3232 3403 3558 3648 3660 3728 3890 3924 4051 4233 4282 4333 4345 4373 4399 4558 4701 4778 4853 4874 4968 5000 6088 6114 6123 6130 6141 6144 6164 6176 6182 6202 6216 6222 6223 6261 6262 6302 6344 6346 6350 6377 6391 6392 6398 6409 6412 6413 6429 6433 6440 6445 6446 6452 6469 6472 6473 6493 6494 6499 6505 6506 6512 6524 6527 6528 6536 6573 6586 6602 6611 6614 6638 6661 6662 6673 6696 6722 6740 
	}
	weather={
	}
}
