
strategic_region={
	id=89
	name="STRATEGICREGION_89"
	provinces={
		8 76 317 454 491 500 546 597 600 674 848 1036 1177 1248 1289 1368 1583 1612 1695 1798 1865 1911 1926 2010 2045 2511 2517 2943 2955 2988 3072 3077 3174 3202 3334 3503 3541 3661 3770 3873 3929 4146 4202 4404 4516 4557 4570 4648 4661 4916 4926 4952 4971 4993 5139 5186 5278 5574 5587 5593 5597 5603 5611 5619 5620 5634 5638 5643 5649 5652 5655 5662 5667 5671 5677 5678 5680 5681 5685 5694 5697 5699 5703 5707 5711 5724 5730 5735 5741 5761 5771 5779 5790 5798 5816 8883 8884 8885 8886 
	}
	weather={
	}
}
