
strategic_region={
	id=97
	name="STRATEGICREGION_97"
	provinces={
		25 38 50 78 96 132 176 228 245 323 469 605 770 902 1089 1302 1623 1676 1768 1773 1837 1890 1892 2021 2040 2068 2107 2118 2136 2148 2198 2619 2629 2754 2760 2847 2895 3165 3266 3324 3350 3359 3360 3427 3489 3671 3731 3798 3919 4028 4200 4275 4286 4358 4499 4572 4639 5003 5016 5033 5044 5114 5282 5663 5689 5702 5705 5712 5721 5725 5726 5727 5740 5746 5747 5765 5770 5785 5794 5795 5796 5801 5802 5803 5805 5813 5814 5815 5824 5826 5827 5829 5835 5842 5843 5852 5853 5854 5855 5861 5862 5863 5865 5875 5876 5882 5886 5891 5892 5895 5896 5907 5908 5912 5917 5932 5938 5939 
	}
	weather={
	}
}
