1 13 
1 39 
1 92 
1 101 
1 196 
1 205 
1 227 
1 251 
1 295 
1 318 
1 346 
1 368 
1 378 
1 396 
1 469 
1 498 
1 538 
1 555 
1 581 
1 639 
1 640 
1 674 
1 735 
1 764 
1 768 
1 775 
1 783 
1 795 
1 895 
1 959 
1 1038 
1 1053 
1 1072 
1 1074 
1 1088 
1 1103 
1 1130 
1 1155 
1 1177 
1 1181 
1 1206 
1 1264 
1 1308 
1 1312 
1 1347 
1 1523 
1 1549 
1 1552 
1 1580 
1 1583 
1 1588 
1 1662 
1 1696 
1 1752 
1 1906 
1 1931 
1 1967 
1 1992 
1 1997 
1 2017 
1 2093 
1 2109 
1 2144 
1 2167 
1 2171 
1 2230 
1 2246 
1 2429 
1 2516 
1 2599 
1 2627 
1 2652 
1 2665 
1 2688 
1 2729 
1 2732 
1 2744 
1 2797 
1 2800 
1 2823 
1 2880 
1 2897 
1 2975 
1 2996 
1 3010 
1 3031 
1 3066 
1 3074 
1 3141 
1 3191 
1 3269 
1 3272 
1 3318 
1 3322 
1 3361 
1 3369 
1 3390 
1 3416 
1 3465 
1 3527 
1 3547 
1 3589 
1 3593 
1 3600 
1 3635 
1 3637 
1 3646 
1 3653 
1 3655 
1 3747 
1 3755 
1 3774 
1 3831 
1 3834 
1 3842 
1 3932 
1 3961 
1 3970 
1 3974 
1 4035 
1 4044 
1 4100 
1 4120 
1 4132 
1 4138 
1 4161 
1 4191 
1 4213 
1 4224 
1 4247 
1 4252 
1 4274 
1 4280 
1 4292 
1 4306 
1 4308 
1 4314 
1 4322 
1 4348 
1 4365 
1 4401 
1 4460 
1 4481 
1 4488 
1 4497 
1 4517 
1 4528 
1 4531 
1 4539 
1 4566 
1 4579 
1 4615 
1 4640 
1 4655 
1 4672 
1 4676 
1 4689 
1 4721 
1 4733 
1 4761 
1 4770 
1 4824 
1 4825 
1 4826 
1 4905 
1 4906 
1 4909 
1 4913 
1 4937 
1 4952 
1 5032 
1 5078 
1 5084 
1 5089 
1 5116 
1 5123 
1 5135 
1 5163 
1 5178 
1 5203 
1 5238 
1 5240 
1 5265 
1 5268 
1 5271 
1 5279 
1 5286 
1 5311 
1 5316 
1 5326 
1 5382 
1 5383 
1 5403 
1 5425 
1 5432 
1 5440 
1 5456 
1 5462 
1 5482 
1 5486 
1 5504 
1 5512 
1 5519 
1 5525 
1 5593 
1 5602 
1 5609 
1 5617 
1 5621 
1 5627 
1 5629 
1 5643 
1 5661 
1 5748 
1 5749 
1 5756 
1 5763 
1 5791 
1 5800 
1 5809 
1 5819 
1 5826 
1 5838 
1 5843 
1 5854 
1 5859 
1 5870 
1 5902 
1 5911 
1 5943 
1 5946 
1 5952 
1 5960 
1 5999 
1 6000 
1 6006 
1 6010 
1 6018 
1 6030 
1 6031 
1 6042 
1 6050 
1 6062 
1 6075 
1 6109 
1 6111 
1 6118 
1 6122 
1 6136 
1 6140 
1 6150 
1 6153 
1 6157 
1 6170 
1 6178 
1 6182 
1 6214 
1 6221 
1 6224 
1 6249 
1 6265 
1 6270 
1 6293 
1 6328 
1 6331 
1 6340 
1 6345 
1 6352 
1 6353 
1 6359 
1 6369 
1 6379 
1 6398 
1 6409 
1 6446 
1 6451 
1 6489 
1 6497 
1 6522 
1 6527 
1 6543 
1 6560 
1 6561 
1 6576 
1 6595 
1 6604 
1 6606 
1 6609 
1 6613 
1 6614 
1 6630 
1 6648 
1 6651 
1 6663 
1 6715 
1 6720 
1 6754 
1 6756 
1 6789 
1 6818 
1 6821 
1 6825 
1 6853 
1 6862 
1 6907 
1 6923 
1 6951 
1 6963 
1 6972 
1 6973 
1 6997 
1 7011 
1 7018 
1 7022 
1 7029 
1 7033 
1 7044 
1 7067 
1 7083 
1 7116 
1 7121 
1 7145 
1 7164 
1 7166 
1 7169 
1 7186 
1 7213 
1 7214 
1 7226 
1 7231 
1 7245 
1 7296 
1 7309 
1 7340 
1 7348 
1 7364 
1 7406 
1 7411 
1 7450 
1 7451 
1 7489 
1 7504 
1 7542 
1 7547 
1 7575 
1 7599 
1 7639 
1 7641 
1 7649 
1 7692 
1 7705 
1 7711 
1 7714 
1 7783 
1 7811 
1 7831 
1 7834 
1 7849 
1 7851 
1 7913 
1 7923 
1 7942 
1 7943 
1 7958 
1 7959 
1 7961 
1 8009 
1 8016 
1 8023 
1 8050 
1 8055 
1 8072 
1 8078 
1 8092 
1 8093 
1 8111 
1 8123 
1 8164 
1 8184 
1 8186 
1 8189 
1 8195 
1 8231 
1 8233 
1 8248 
1 8266 
1 8282 
1 8286 
1 8303 
1 8313 
1 8316 
1 8321 
1 8359 
1 8365 
1 8383 
1 8414 
1 8418 
1 8437 
1 8448 
1 8507 
1 8522 
1 8540 
1 8572 
1 8596 
1 8603 
1 8605 
1 8616 
1 8657 
1 8665 
1 8711 
1 8718 
1 8732 
1 8743 
1 8777 
1 8780 
1 8785 
1 8829 
1 8868 
1 8907 
